17 13
2 1 2 -1 3 1 -1 -1 3 2 3 -1 3
6 8 6 8 6 6 -1 8 7 7 7 6 -1
12 11 -1 -1 13 13 12 11 12 12 13 -1 -1
17 18 16 16 16 -1 17 -1 16 17 17 17 18
-1 22 22 21 23 -1 -1 21 21 22 22 -1 21
28 -1 26 27 28 28 -1 -1 -1 -1 28 28 27
32 32 -1 -1 33 -1 31 33 32 31 33 31 -1
-1 37 -1 -1 -1 -1 37 38 38 37 37 38 37
42 43 41 43 43 41 41 42 42 41 42 -1 43
46 48 48 46 46 48 48 47 46 46 48 46 48
-1 51 51 53 51 53 51 53 53 53 52 53 -1
57 57 58 -1 56 58 58 58 57 57 56 57 58
61 -1 61 62 -1 61 62 -1 61 62 62 -1 62
67 -1 68 67 -1 66 67 67 68 66 68 66 67
71 71 71 72 71 71 72 71 71 72 72 73 71
78 76 -1 77 77 -1 77 76 77 76 -1 77 78
81 82 81 82 81 81 83 81 83 82 83 -1 82
