5 1 2 3 1 7 2 1 3 5 1 1 1 10 1 1 1 4 1 3 2 1 2 1 7
2 10 2 3 4 7 2 6 3 2 5 2 11 3 -1 3 -1 4 11 3 2 3 2 6 3
4 3 -1 3 4 3 13 4 3 5 4 -1 3 3 3 3 3 3 3 3 4 3 8 6 3
4 6 -1 7 4 4 6 4 4 5 4 4 11 10 -1 4 9 4 11 6 4 -1 5 5 7
5 6 5 7 13 7 5 6 5 5 5 7 8 7 5 -1 9 9 6 6 5 -1 5 5 7
-1 6 8 6 13 6 6 6 6 -1 6 7 6 7 16 -1 6 9 6 6 7 7 8 6 6
8 10 8 7 8 7 12 12 7 7 -1 7 7 7 7 7 9 9 7 -1 7 7 8 -1 7
8 8 8 11 8 8 8 9 9 10 -1 -1 8 10 8 10 9 9 11 8 12 11 8 8 -1
9 9 9 9 13 -1 10 9 9 9 9 11 11 9 16 9 9 9 9 9 9 9 9 9 9
10 10 -1 11 13 11 10 12 11 10 10 10 11 10 10 10 -1 -1 11 10 10 11 -1 -1 -1
11 -1 11 11 11 11 12 11 11 13 -1 11 11 -1 11 12 17 11 11 11 12 11 13 13 11
-1 13 14 14 12 12 12 12 -1 12 14 12 13 13 16 12 12 -1 -1 15 12 -1 13 12 13
15 13 14 13 13 -1 13 14 15 13 14 14 13 13 16 -1 14 14 19 13 -1 13 13 13 13
14 -1 14 14 -1 18 -1 14 15 19 14 14 14 19 14 14 14 14 19 14 14 14 14 16 16
15 15 -1 -1 -1 18 15 -1 15 16 -1 -1 -1 17 16 17 17 15 16 15 -1 16 16 16 15
-1 16 -1 18 16 18 16 17 -1 16 -1 16 16 17 16 16 16 19 16 17 18 16 16 16 16
-1 -1 19 18 18 18 -1 17 17 19 17 18 -1 17 -1 17 17 17 19 17 18 -1 17 -1 -1
-1 19 18 18 18 18 -1 18 -1 19 -1 18 18 19 18 -1 -1 19 18 -1 18 19 19 18 18
19 19 19 19 -1 -1 -1 -1 -1 19 19 -1 -1 19 -1 -1 19 19 19 19 -1 19 19 19 -1
-1 -1 -1 -1 -1 -1 -1 -1 -1 -1 -1 -1 -1 -1 -1 -1 -1 -1 -1 -1 -1 -1 -1 -1 -1
