20 25
48 12 76 35 32 67 -1 17 -1 87 66 -1 17 70 87 58 17 24 -1 85 5 50 53 -1 66
-1 55 49 35 46 63 -1 61 -1 3 85 43 59 51 99 73 98 24 78 41 -1 74 24 84 41
28 12 94 10 3 -1 74 33 -1 27 -1 98 29 29 63 2 16 10 47 -1 32 -1 81 73 29
8 38 92 81 -1 35 31 31 34 -1 -1 41 43 70 92 78 65 25 73 90 28 91 30 38 60
36 2 -1 44 81 63 -1 39 62 -1 5 56 18 40 13 96 64 82 5 -1 53 76 -1 -1 45
100 -1 46 -1 68 -1 32 -1 63 96 95 46 -1 17 82 84 3 5 -1 -1 60 -1 65 45 22
-1 52 35 20 -1 64 71 76 75 29 98 -1 12 -1 36 11 31 -1 46 95 -1 -1 37 96 31
-1 -1 -1 85 -1 74 -1 72 77 52 87 86 14 50 38 52 -1 -1 75 13 83 27 -1 24 78
18 3 65 25 65 100 29 -1 53 -1 19 46 45 32 69 27 -1 -1 10 72 -1 6 88 90 -1
74 23 89 65 55 43 16 78 80 14 84 22 43 47 -1 45 90 89 37 73 30 16 92 93 67
89 93 31 62 -1 18 72 -1 44 55 88 43 12 96 7 73 74 28 7 75 54 -1 -1 37 31
91 44 87 95 13 65 47 23 95 -1 14 65 79 27 59 2 22 90 91 89 36 67 -1 -1 52
73 26 70 -1 44 99 80 83 49 36 -1 66 12 27 56 79 65 -1 54 -1 90 -1 -1 29 42
51 92 26 91 94 71 100 -1 27 83 -1 40 90 69 -1 -1 -1 -1 47 71 -1 7 41 57 62
65 20 91 99 82 62 52 97 2 6 69 82 93 43 10 65 69 11 -1 77 64 61 48 42 10
93 43 35 -1 51 9 61 70 90 -1 68 -1 -1 11 -1 -1 45 64 -1 96 29 43 -1 26 19
87 92 17 -1 62 1 75 66 -1 43 -1 74 69 -1 97 47 60 2 32 82 29 71 56 96 65
69 6 8 -1 30 -1 59 87 65 32 68 -1 25 54 6 68 84 58 1 100 -1 -1 63 -1 -1
50 -1 12 25 67 86 30 97 20 2 7 76 61 -1 75 18 -1 18 33 25 50 -1 58 51 47
66 76 21 43 29 -1 12 -1 11 97 10 50 40 95 30 -1 49 79 68 43 8 33 90 87 -1
